400
#rooms:
0 0 0
1 1 0
2 2 0
3 3 0
4 4 0
5 5 0
6 6 0
7 7 0
8 8 0
9 9 0
10 10 0
11 11 0
12 12 0
13 13 0
14 14 0
15 15 0
16 16 0
17 17 0
18 18 0
19 19 0
20 20 0
21 21 0
22 22 0
23 23 0
24 24 0
25 25 0
26 26 0
27 27 0
28 28 0
29 29 0
30 30 0
31 31 0
32 32 0
33 33 0
34 34 0
35 35 0
36 36 0
37 37 0
38 38 0
39 39 0
40 40 0
41 41 0
42 42 0
43 43 0
44 44 0
45 45 0
46 46 0
47 47 0
48 0 1
49 1 1
50 2 1
51 3 1
52 4 1
53 5 1
54 6 1
55 7 1
56 8 1
57 9 1
58 10 1
59 11 1
60 12 1
61 13 1
62 14 1
63 15 1
64 16 1
65 17 1
66 18 1
67 19 1
68 20 1
69 21 1
70 22 1
71 23 1
72 24 1
73 25 1
74 26 1
75 27 1
76 28 1
77 29 1
78 30 1
79 31 1
80 32 1
81 33 1
82 34 1
83 35 1
84 36 1
85 37 1
86 38 1
87 39 1
88 40 1
89 41 1
90 42 1
91 43 1
92 44 1
93 45 1
94 46 1
95 47 1
96 0 2
97 1 2
98 2 2
99 3 2
100 4 2
101 5 2
102 6 2
103 7 2
104 8 2
105 9 2
106 10 2
107 11 2
108 12 2
109 13 2
110 14 2
111 15 2
112 16 2
113 17 2
114 18 2
115 19 2
116 20 2
117 21 2
118 22 2
119 23 2
120 24 2
121 25 2
122 26 2
123 27 2
124 28 2
125 29 2
126 30 2
127 31 2
128 32 2
129 33 2
130 34 2
131 35 2
132 36 2
133 37 2
134 38 2
135 39 2
136 40 2
137 41 2
138 42 2
139 43 2
140 44 2
141 45 2
142 46 2
143 47 2
144 0 3
145 1 3
146 2 3
147 3 3
148 4 3
149 5 3
150 6 3
151 7 3
152 8 3
153 9 3
154 10 3
155 11 3
156 12 3
157 13 3
158 14 3
159 15 3
160 16 3
161 17 3
162 18 3
163 19 3
164 20 3
165 21 3
166 22 3
167 23 3
168 24 3
169 25 3
170 26 3
171 27 3
172 28 3
173 29 3
174 30 3
175 31 3
176 32 3
177 33 3
178 34 3
179 35 3
180 36 3
181 37 3
182 38 3
183 39 3
184 40 3
185 41 3
186 42 3
187 43 3
188 44 3
189 45 3
190 46 3
191 47 3
192 0 4
193 1 4
194 2 4
195 3 4
196 4 4
197 5 4
198 6 4
199 7 4
200 8 4
201 9 4
202 10 4
203 11 4
204 12 4
205 13 4
206 14 4
207 15 4
208 16 4
209 17 4
210 18 4
211 19 4
212 20 4
213 21 4
214 22 4
215 23 4
216 24 4
217 25 4
218 26 4
219 27 4
220 28 4
221 29 4
222 30 4
223 31 4
224 32 4
225 33 4
226 34 4
227 35 4
228 36 4
229 37 4
230 38 4
231 39 4
232 40 4
233 41 4
234 42 4
235 43 4
236 44 4
237 45 4
238 46 4
239 47 4
240 0 5
241 1 5
242 2 5
243 3 5
244 4 5
245 5 5
246 6 5
247 7 5
248 8 5
249 9 5
250 10 5
251 11 5
252 12 5
253 13 5
254 14 5
255 15 5
256 16 5
257 17 5
258 18 5
259 19 5
260 20 5
261 21 5
262 22 5
263 23 5
264 24 5
265 25 5
266 26 5
267 27 5
268 28 5
269 29 5
270 30 5
271 31 5
272 32 5
273 33 5
274 34 5
275 35 5
276 36 5
277 37 5
278 38 5
279 39 5
280 40 5
281 41 5
282 42 5
283 43 5
284 44 5
285 45 5
286 46 5
287 47 5
288 0 6
289 1 6
290 2 6
291 3 6
292 4 6
293 5 6
294 6 6
295 7 6
296 8 6
297 9 6
298 10 6
299 11 6
300 12 6
301 13 6
302 14 6
303 15 6
304 16 6
305 17 6
306 18 6
307 19 6
308 20 6
309 21 6
310 22 6
311 23 6
312 24 6
313 25 6
314 26 6
315 27 6
316 28 6
317 29 6
318 30 6
319 31 6
320 32 6
321 33 6
322 34 6
323 35 6
324 36 6
325 37 6
326 38 6
327 39 6
328 40 6
329 41 6
330 42 6
331 43 6
332 44 6
333 45 6
334 46 6
335 47 6
336 0 7
337 1 7
338 2 7
339 3 7
340 4 7
341 5 7
342 6 7
343 7 7
344 8 7
345 9 7
346 10 7
347 11 7
348 12 7
349 13 7
350 14 7
351 15 7
352 16 7
353 17 7
354 18 7
355 19 7
356 20 7
357 21 7
358 22 7
359 23 7
360 24 7
361 25 7
362 26 7
363 27 7
364 28 7
365 29 7
366 30 7
367 31 7
368 32 7
369 33 7
370 34 7
371 35 7
372 36 7
373 37 7
374 38 7
375 39 7
376 40 7
377 41 7
378 42 7
379 43 7
380 44 7
381 45 7
382 46 7
383 47 7
384 0 8
385 1 8
386 2 8
387 3 8
388 4 8
389 5 8
390 6 8
391 7 8
392 8 8
393 9 8
394 10 8
395 11 8
396 12 8
397 13 8
398 14 8
399 15 8
400 16 8
401 17 8
402 18 8
403 19 8
404 20 8
405 21 8
406 22 8
407 23 8
408 24 8
409 25 8
410 26 8
411 27 8
412 28 8
413 29 8
414 30 8
415 31 8
416 32 8
417 33 8
418 34 8
419 35 8
420 36 8
421 37 8
422 38 8
423 39 8
424 40 8
425 41 8
426 42 8
427 43 8
428 44 8
429 45 8
430 46 8
431 47 8
432 0 9
433 1 9
434 2 9
435 3 9
436 4 9
437 5 9
438 6 9
439 7 9
440 8 9
441 9 9
442 10 9
443 11 9
444 12 9
445 13 9
446 14 9
447 15 9
448 16 9
449 17 9
450 18 9
451 19 9
452 20 9
453 21 9
454 22 9
455 23 9
456 24 9
457 25 9
458 26 9
459 27 9
460 28 9
461 29 9
462 30 9
463 31 9
464 32 9
465 33 9
466 34 9
467 35 9
468 36 9
469 37 9
470 38 9
471 39 9
472 40 9
473 41 9
474 42 9
475 43 9
476 44 9
477 45 9
478 46 9
479 47 9
480 0 10
481 1 10
482 2 10
483 3 10
484 4 10
485 5 10
486 6 10
487 7 10
488 8 10
489 9 10
##start
490 10 10
#end
491 11 10
492 12 10
493 13 10
494 14 10
495 15 10
496 16 10
497 17 10
498 18 10
499 19 10
500 20 10
501 21 10
502 22 10
503 23 10
504 24 10
505 25 10
506 26 10
507 27 10
508 28 10
509 29 10
510 30 10
511 31 10
512 32 10
513 33 10
514 34 10
515 35 10
516 36 10
517 37 10
518 38 10
519 39 10
520 40 10
521 41 10
522 42 10
523 43 10
524 44 10
525 45 10
526 46 10
527 47 10
528 0 11
529 1 11
530 2 11
531 3 11
532 4 11
533 5 11
534 6 11
535 7 11
536 8 11
537 9 11
538 10 11
539 11 11
540 12 11
541 13 11
542 14 11
543 15 11
544 16 11
545 17 11
546 18 11
547 19 11
548 20 11
549 21 11
550 22 11
551 23 11
552 24 11
553 25 11
554 26 11
555 27 11
556 28 11
557 29 11
558 30 11
559 31 11
560 32 11
561 33 11
562 34 11
563 35 11
564 36 11
565 37 11
566 38 11
567 39 11
568 40 11
569 41 11
570 42 11
571 43 11
572 44 11
573 45 11
574 46 11
575 47 11
576 0 12
577 1 12
578 2 12
579 3 12
580 4 12
581 5 12
582 6 12
583 7 12
584 8 12
585 9 12
586 10 12
587 11 12
588 12 12
589 13 12
590 14 12
591 15 12
592 16 12
593 17 12
594 18 12
595 19 12
596 20 12
597 21 12
598 22 12
599 23 12
600 24 12
601 25 12
602 26 12
603 27 12
604 28 12
605 29 12
606 30 12
607 31 12
608 32 12
609 33 12
610 34 12
611 35 12
612 36 12
613 37 12
614 38 12
615 39 12
616 40 12
617 41 12
618 42 12
619 43 12
620 44 12
621 45 12
622 46 12
623 47 12
624 0 13
625 1 13
626 2 13
627 3 13
628 4 13
629 5 13
630 6 13
631 7 13
632 8 13
633 9 13
634 10 13
635 11 13
636 12 13
637 13 13
638 14 13
639 15 13
640 16 13
641 17 13
642 18 13
643 19 13
644 20 13
645 21 13
646 22 13
647 23 13
648 24 13
649 25 13
650 26 13
651 27 13
652 28 13
653 29 13
654 30 13
655 31 13
656 32 13
657 33 13
658 34 13
659 35 13
660 36 13
661 37 13
662 38 13
663 39 13
664 40 13
665 41 13
666 42 13
667 43 13
668 44 13
669 45 13
670 46 13
671 47 13
672 0 14
673 1 14
674 2 14
675 3 14
676 4 14
677 5 14
678 6 14
679 7 14
680 8 14
681 9 14
682 10 14
683 11 14
684 12 14
685 13 14
686 14 14
687 15 14
688 16 14
689 17 14
690 18 14
691 19 14
692 20 14
693 21 14
694 22 14
695 23 14
696 24 14
697 25 14
698 26 14
699 27 14
700 28 14
701 29 14
702 30 14
703 31 14
704 32 14
705 33 14
706 34 14
707 35 14
708 36 14
709 37 14
710 38 14
711 39 14
712 40 14
713 41 14
714 42 14
715 43 14
716 44 14
717 45 14
718 46 14
719 47 14
720 0 15
721 1 15
722 2 15
723 3 15
724 4 15
725 5 15
726 6 15
727 7 15
728 8 15
729 9 15
730 10 15
731 11 15
732 12 15
733 13 15
734 14 15
735 15 15
736 16 15
737 17 15
738 18 15
739 19 15
740 20 15
741 21 15
742 22 15
743 23 15
744 24 15
745 25 15
746 26 15
747 27 15
748 28 15
749 29 15
750 30 15
751 31 15
752 32 15
753 33 15
754 34 15
755 35 15
756 36 15
757 37 15
758 38 15
759 39 15
760 40 15
761 41 15
762 42 15
763 43 15
764 44 15
765 45 15
766 46 15
767 47 15
768 0 16
769 1 16
770 2 16
771 3 16
772 4 16
773 5 16
774 6 16
775 7 16
776 8 16
777 9 16
778 10 16
779 11 16
780 12 16
781 13 16
782 14 16
783 15 16
784 16 16
785 17 16
786 18 16
787 19 16
788 20 16
789 21 16
790 22 16
791 23 16
792 24 16
793 25 16
794 26 16
795 27 16
796 28 16
797 29 16
798 30 16
799 31 16
800 32 16
801 33 16
802 34 16
803 35 16
804 36 16
805 37 16
806 38 16
807 39 16
808 40 16
809 41 16
810 42 16
811 43 16
812 44 16
813 45 16
814 46 16
815 47 16
816 0 17
817 1 17
818 2 17
819 3 17
820 4 17
821 5 17
822 6 17
823 7 17
824 8 17
825 9 17
826 10 17
827 11 17
828 12 17
829 13 17
830 14 17
831 15 17
832 16 17
833 17 17
834 18 17
835 19 17
836 20 17
837 21 17
838 22 17
839 23 17
840 24 17
841 25 17
842 26 17
843 27 17
844 28 17
845 29 17
846 30 17
847 31 17
848 32 17
849 33 17
850 34 17
851 35 17
852 36 17
853 37 17
854 38 17
855 39 17
856 40 17
857 41 17
858 42 17
859 43 17
860 44 17
861 45 17
862 46 17
863 47 17
864 0 18
865 1 18
866 2 18
867 3 18
868 4 18
869 5 18
870 6 18
871 7 18
872 8 18
873 9 18
874 10 18
875 11 18
876 12 18
877 13 18
878 14 18
879 15 18
880 16 18
881 17 18
882 18 18
883 19 18
884 20 18
885 21 18
886 22 18
887 23 18
888 24 18
889 25 18
890 26 18
891 27 18
892 28 18
893 29 18
894 30 18
895 31 18
896 32 18
897 33 18
898 34 18
899 35 18
900 36 18
901 37 18
902 38 18
903 39 18
904 40 18
905 41 18
906 42 18
907 43 18
908 44 18
909 45 18
910 46 18
911 47 18
912 0 19
913 1 19
914 2 19
915 3 19
916 4 19
917 5 19
918 6 19
919 7 19
920 8 19
921 9 19
922 10 19
923 11 19
924 12 19
925 13 19
926 14 19
927 15 19
928 16 19
929 17 19
930 18 19
931 19 19
932 20 19
933 21 19
934 22 19
935 23 19
936 24 19
937 25 19
938 26 19
939 27 19
940 28 19
941 29 19
942 30 19
943 31 19
944 32 19
945 33 19
946 34 19
947 35 19
948 36 19
949 37 19
950 38 19
951 39 19
952 40 19
953 41 19
954 42 19
955 43 19
956 44 19
957 45 19
958 46 19
959 0 20
960 1 20
961 2 20
962 3 20
963 4 20
964 5 20
965 6 20
966 7 20
967 8 20
968 9 20
969 10 20
970 11 20
971 12 20
972 13 20
973 14 20
974 15 20
975 16 20
976 17 20
977 18 20
978 19 20
979 20 20
980 21 20
981 22 20
982 23 20
983 24 20
984 25 20
985 26 20
986 27 20
987 28 20
988 29 20
989 30 20
990 31 20
991 32 20
992 33 20
993 34 20
994 35 20
995 36 20
996 37 20
997 38 20
998 39 20
999 40 20
1000 41 20
1001 42 20
1002 43 20
1003 44 20
1004 45 20
1005 46 20
1006 47 20
1007 0 21
1008 1 21
1009 2 21
1010 3 21
1011 4 21
1012 5 21
1013 6 21
1014 7 21
1015 8 21
1016 9 21
1017 10 21
1018 11 21
1019 12 21
1020 13 21
1021 14 21
1022 15 21
1023 16 21
1024 17 21
1025 18 21
1026 19 21
1027 20 21
1028 21 21
1029 22 21
1030 23 21
1031 24 21
1032 25 21
1033 26 21
1034 27 21
1035 28 21
1036 29 21
1037 30 21
1038 31 21
1039 32 21
1040 33 21
1041 34 21
1042 35 21
1043 36 21
1044 37 21
1045 38 21
1046 39 21
1047 40 21
1048 41 21
1049 42 21
1050 43 21
1051 44 21
1052 45 21
1053 46 21
1054 47 21
1055 0 22
1056 1 22
1057 2 22
1058 3 22
1059 4 22
1060 5 22
1061 6 22
1062 7 22
1063 8 22
1064 9 22
1065 10 22
1066 11 22
1067 12 22
1068 13 22
1069 14 22
1070 15 22
1071 16 22
1072 17 22
1073 18 22
1074 19 22
1075 20 22
1076 21 22
1077 22 22
1078 23 22
1079 24 22
1080 25 22
1081 26 22
1082 27 22
1083 28 22
1084 29 22
1085 30 22
1086 31 22
1087 32 22
1088 33 22
1089 34 22
1090 35 22
1091 36 22
1092 37 22
1093 38 22
1094 39 22
1095 40 22
1096 41 22
1097 42 22
1098 43 22
1099 44 22
1100 45 22
1101 46 22
1102 47 22
1103 0 23
1104 1 23
1105 2 23
1106 3 23
1107 4 23
1108 5 23
1109 6 23
1110 7 23
1111 8 23
1112 9 23
1113 10 23
1114 11 23
1115 12 23
1116 13 23
1117 14 23
1118 15 23
1119 16 23
1120 17 23
1121 18 23
1122 19 23
1123 20 23
1124 21 23
1125 22 23
1126 23 23
1127 24 23
1128 25 23
1129 26 23
1130 27 23
1131 28 23
1132 29 23
1133 30 23
1134 31 23
1135 32 23
1136 33 23
1137 34 23
1138 35 23
1139 36 23
1140 37 23
1141 38 23
1142 39 23
1143 40 23
1144 41 23
1145 42 23
1146 43 23
1147 44 23
1148 45 23
1149 46 23
1150 47 23
1151 0 24
1152 1 24
1153 2 24
1154 3 24
1155 4 24
1156 5 24
1157 6 24
1158 7 24
1159 8 24
1160 9 24
1161 10 24
1162 11 24
1163 12 24
1164 13 24
1165 14 24
1166 15 24
1167 16 24
1168 17 24
1169 18 24
1170 19 24
1171 20 24
1172 21 24
1173 22 24
1174 23 24
1175 24 24
1176 25 24
1177 26 24
1178 27 24
1179 28 24
1180 29 24
1181 30 24
1182 31 24
1183 32 24
1184 33 24
1185 34 24
1186 35 24
1187 36 24
1188 37 24
1189 38 24
1190 39 24
1191 40 24
1192 41 24
1193 42 24
1194 43 24
1195 44 24
1196 45 24
1197 46 24
1198 47 24
1199 0 25
1200 1 25
1201 2 25
1202 3 25
1203 4 25
1204 5 25
1205 6 25
1206 7 25
1207 8 25
1208 9 25
1209 10 25
1210 11 25
1211 12 25
1212 13 25
1213 14 25
1214 15 25
1215 16 25
1216 17 25
1217 18 25
1218 19 25
1219 20 25
1220 21 25
1221 22 25
1222 23 25
1223 24 25
1224 25 25
1225 26 25
1226 27 25
1227 28 25
1228 29 25
1229 30 25
1230 31 25
1231 32 25
1232 33 25
1233 34 25
1234 35 25
1235 36 25
1236 37 25
1237 38 25
1238 39 25
1239 40 25
1240 41 25
1241 42 25
1242 43 25
1243 44 25
1244 45 25
1245 46 25
1246 47 25
1247 0 26
1248 1 26
1249 2 26
1250 3 26
1251 4 26
1252 5 26
1253 6 26
1254 7 26
1255 8 26
1256 9 26
1257 10 26
1258 11 26
1259 12 26
1260 13 26
1261 14 26
1262 15 26
1263 16 26
1264 17 26
1265 18 26
1266 19 26
1267 20 26
1268 21 26
1269 22 26
1270 23 26
1271 24 26
1272 25 26
1273 26 26
1274 27 26
1275 28 26
1276 29 26
1277 30 26
1278 31 26
1279 32 26
1280 33 26
1281 34 26
1282 35 26
1283 36 26
1284 37 26
1285 38 26
1286 39 26
1287 40 26
1288 41 26
1289 42 26
1290 43 26
1291 44 26
1292 45 26
1293 46 26
1294 47 26
1295 0 27
1296 1 27
1297 2 27
1298 3 27
1299 4 27
1300 5 27
1301 6 27
1302 7 27
1303 8 27
1304 9 27
1305 10 27
1306 11 27
1307 12 27
1308 13 27
1309 14 27
1310 15 27
1311 16 27
1312 17 27
1313 18 27
1314 19 27
1315 20 27
1316 21 27
1317 22 27
1318 23 27
1319 24 27
1320 25 27
1321 26 27
1322 27 27
1323 28 27
1324 29 27
1325 30 27
1326 31 27
1327 32 27
1328 33 27
1329 34 27
1330 35 27
1331 36 27
1332 37 27
1333 38 27
1334 39 27
1335 40 27
1336 41 27
1337 42 27
1338 43 27
1339 44 27
1340 45 27
1341 46 27
1342 47 27
1343 0 28
1344 1 28
1345 2 28
1346 3 28
1347 4 28
1348 5 28
1349 6 28
1350 7 28
1351 8 28
1352 9 28
1353 10 28
1354 11 28
1355 12 28
1356 13 28
1357 14 28
1358 15 28
1359 16 28
1360 17 28
1361 18 28
1362 19 28
1363 20 28
1364 21 28
1365 22 28
1366 23 28
1367 24 28
1368 25 28
1369 26 28
1370 27 28
1371 28 28
1372 29 28
1373 30 28
1374 31 28
1375 32 28
1376 33 28
1377 34 28
1378 35 28
1379 36 28
1380 37 28
1381 38 28
1382 39 28
1383 40 28
1384 41 28
1385 42 28
1386 43 28
1387 44 28
1388 45 28
1389 46 28
1390 47 28
1391 0 29
1392 1 29
1393 2 29
1394 3 29
1395 4 29
1396 5 29
1397 6 29
1398 7 29
1399 8 29
1400 9 29
1401 10 29
1402 11 29
1403 12 29
1404 13 29
1405 14 29
1406 15 29
1407 16 29
1408 17 29
1409 18 29
1410 19 29
1411 20 29
1412 21 29
1413 22 29
1414 23 29
1415 24 29
1416 25 29
1417 26 29
1418 27 29
1419 28 29
1420 29 29
1421 30 29
1422 31 29
1423 32 29
1424 33 29
1425 34 29
1426 35 29
1427 36 29
1428 37 29
1429 38 29
1430 39 29
1431 40 29
1432 41 29
1433 42 29
1434 43 29
1435 44 29
1436 45 29
1437 46 29
1438 47 29
1439 0 30
1440 1 30
1441 2 30
1442 3 30
1443 4 30
1444 5 30
1445 6 30
1446 7 30
1447 8 30
1448 9 30
1449 10 30
1450 11 30
1451 12 30
1452 13 30
1453 14 30
1454 15 30
1455 16 30
1456 17 30
1457 18 30
1458 19 30
1459 20 30
1460 21 30
1461 22 30
1462 23 30
1463 24 30
1464 25 30
1465 26 30
1466 27 30
1467 28 30
1468 29 30
1469 30 30
1470 31 30
1471 32 30
1472 33 30
1473 34 30
1474 35 30
1475 36 30
1476 37 30
1477 38 30
1478 39 30
1479 40 30
1480 41 30
1481 42 30
1482 43 30
1483 44 30
1484 45 30
1485 46 30
1486 47 30
1487 0 31
1488 1 31
1489 2 31
1490 3 31
1491 4 31
1492 5 31
1493 6 31
1494 7 31
1495 8 31
1496 9 31
1497 10 31
1498 11 31
1499 12 31
1500 13 31
1501 14 31
1502 15 31
1503 16 31
1504 17 31
1505 18 31
1506 19 31
1507 20 31
1508 21 31
1509 22 31
1510 23 31
1511 24 31
1512 25 31
1513 26 31
1514 27 31
1515 28 31
1516 29 31
1517 30 31
1518 31 31
1519 32 31
1520 33 31
1521 34 31
1522 35 31
1523 36 31
1524 37 31
1525 38 31
1526 39 31
1527 40 31
1528 41 31
1529 42 31
1530 43 31
1531 44 31
1532 45 31
1533 46 31
1534 47 31
1535 0 32
1536 1 32
1537 2 32
1538 3 32
1539 4 32
1540 5 32
1541 6 32
1542 7 32
1543 8 32
1544 9 32
1545 10 32
1546 11 32
1547 12 32
1548 13 32
1549 14 32
1550 15 32
1551 16 32
1552 17 32
1553 18 32
1554 19 32
1555 20 32
1556 21 32
1557 22 32
1558 23 32
1559 24 32
1560 25 32
1561 26 32
1562 27 32
1563 28 32
1564 29 32
1565 30 32
1566 31 32
1567 32 32
1568 33 32
1569 34 32
1570 35 32
1571 36 32
1572 37 32
1573 38 32
1574 39 32
1575 40 32
1576 41 32
1577 42 32
1578 43 32
1579 44 32
1580 45 32
1581 46 32
1582 47 32
1583 0 33
1584 1 33
1585 2 33
1586 3 33
1587 4 33
1588 5 33
1589 6 33
1590 7 33
1591 8 33
1592 9 33
1593 10 33
1594 11 33
1595 12 33
1596 13 33
1597 14 33
1598 15 33
1599 16 33
1600 17 33
1601 18 33
1602 19 33
1603 20 33
1604 21 33
1605 22 33
1606 23 33
1607 24 33
1608 25 33
1609 26 33
1610 27 33
1611 28 33
1612 29 33
1613 30 33
1614 31 33
1615 32 33
1616 33 33
1617 34 33
1618 35 33
1619 36 33
1620 37 33
1621 38 33
1622 39 33
1623 40 33
1624 41 33
1625 42 33
1626 43 33
1627 44 33
1628 45 33
1629 46 33
1630 47 33
1631 0 34
1632 1 34
1633 2 34
1634 3 34
1635 4 34
1636 5 34
1637 6 34
1638 7 34
1639 8 34
1640 9 34
1641 10 34
1642 11 34
1643 12 34
1644 13 34
1645 14 34
1646 15 34
1647 16 34
1648 17 34
1649 18 34
1650 19 34
1651 20 34
1652 21 34
1653 22 34
1654 23 34
1655 24 34
1656 25 34
1657 26 34
1658 27 34
1659 28 34
1660 29 34
1661 30 34
1662 31 34
1663 32 34
1664 33 34
1665 34 34
1666 35 34
1667 36 34
1668 37 34
1669 38 34
1670 39 34
1671 40 34
1672 41 34
1673 42 34
1674 43 34
1675 44 34
1676 45 34
1677 46 34
1678 47 34
1679 0 35
1680 1 35
1681 2 35
1682 3 35
1683 4 35
1684 5 35
1685 6 35
1686 7 35
1687 8 35
1688 9 35
1689 10 35
1690 11 35
1691 12 35
1692 13 35
1693 14 35
1694 15 35
1695 16 35
1696 17 35
1697 18 35
1698 19 35
1699 20 35
1700 21 35
1701 22 35
1702 23 35
1703 24 35
1704 25 35
1705 26 35
1706 27 35
1707 28 35
1708 29 35
1709 30 35
1710 31 35
1711 32 35
1712 33 35
1713 34 35
#start
##end
1714 35 35
1715 36 35
1716 37 35
1717 38 35
1718 39 35
1719 40 35
1720 41 35
1721 42 35
1722 43 35
1723 44 35
1724 45 35
1725 46 35
1726 47 35
1727 0 36
1728 1 36
1729 2 36
1730 3 36
1731 4 36
1732 5 36
1733 6 36
1734 7 36
1735 8 36
1736 9 36
1737 10 36
1738 11 36
1739 12 36
1740 13 36
1741 14 36
1742 15 36
1743 16 36
1744 17 36
1745 18 36
1746 19 36
1747 20 36
1748 21 36
1749 22 36
1750 23 36
1751 24 36
1752 25 36
1753 26 36
1754 27 36
1755 28 36
1756 29 36
1757 30 36
1758 31 36
1759 32 36
1760 33 36
1761 34 36
1762 35 36
1763 36 36
1764 37 36
1765 38 36
1766 39 36
1767 40 36
1768 41 36
1769 42 36
1770 43 36
1771 44 36
1772 45 36
1773 46 36
1774 47 36
1775 0 37
1776 1 37
1777 2 37
1778 3 37
1779 4 37
1780 5 37
1781 6 37
1782 7 37
1783 8 37
1784 9 37
1785 10 37
1786 11 37
1787 12 37
1788 13 37
1789 14 37
1790 15 37
1791 16 37
1792 17 37
1793 18 37
1794 19 37
1795 20 37
1796 21 37
1797 22 37
1798 23 37
1799 24 37
1800 25 37
1801 26 37
1802 27 37
1803 28 37
1804 29 37
1805 30 37
1806 31 37
1807 32 37
1808 33 37
1809 34 37
1810 35 37
1811 36 37
1812 37 37
1813 38 37
1814 39 37
1815 40 37
1816 41 37
1817 42 37
1818 43 37
1819 44 37
1820 45 37
1821 46 37
1822 47 37
1823 0 38
1824 1 38
1825 2 38
1826 3 38
1827 4 38
1828 5 38
1829 6 38
1830 7 38
1831 8 38
1832 9 38
1833 10 38
1834 11 38
1835 12 38
1836 13 38
1837 14 38
1838 15 38
1839 16 38
1840 17 38
1841 18 38
1842 19 38
1843 20 38
1844 21 38
1845 22 38
1846 23 38
1847 24 38
1848 25 38
1849 26 38
1850 27 38
1851 28 38
1852 29 38
1853 30 38
1854 31 38
1855 32 38
1856 33 38
1857 34 38
1858 35 38
1859 36 38
1860 37 38
1861 38 38
1862 39 38
1863 40 38
1864 41 38
1865 42 38
1866 43 38
1867 44 38
1868 45 38
1869 46 38
1870 47 38
1871 0 39
1872 1 39
1873 2 39
1874 3 39
1875 4 39
1876 5 39
1877 6 39
1878 7 39
1879 8 39
1880 9 39
1881 10 39
1882 11 39
1883 12 39
1884 13 39
1885 14 39
1886 15 39
1887 16 39
1888 17 39
1889 18 39
1890 19 39
1891 20 39
1892 21 39
1893 22 39
1894 23 39
1895 24 39
1896 25 39
1897 26 39
1898 27 39
1899 28 39
1900 29 39
1901 30 39
1902 31 39
1903 32 39
1904 33 39
1905 34 39
1906 35 39
1907 36 39
1908 37 39
1909 38 39
1910 39 39
1911 40 39
1912 41 39
1913 42 39
1914 43 39
1915 44 39
1916 45 39
1917 46 39
1918 47 39
1919 0 40
1920 1 40
1921 2 40
1922 3 40
1923 4 40
1924 5 40
1925 6 40
1926 7 40
1927 8 40
1928 9 40
1929 10 40
1930 11 40
1931 12 40
1932 13 40
1933 14 40
1934 15 40
1935 16 40
1936 17 40
1937 18 40
1938 19 40
1939 20 40
1940 21 40
1941 22 40
1942 23 40
1943 24 40
1944 25 40
1945 26 40
1946 27 40
1947 28 40
1948 29 40
1949 30 40
1950 31 40
1951 32 40
1952 33 40
1953 34 40
1954 35 40
1955 36 40
1956 37 40
1957 38 40
1958 39 40
1959 40 40
1960 41 40
1961 42 40
1962 43 40
1963 44 40
1964 45 40
1965 46 40
1966 47 40
1967 0 41
1968 1 41
1969 2 41
1970 3 41
1971 4 41
1972 5 41
1973 6 41
1974 7 41
1975 8 41
1976 9 41
1977 10 41
1978 11 41
1979 12 41
1980 13 41
1981 14 41
1982 15 41
1983 16 41
1984 17 41
1985 18 41
1986 19 41
1987 20 41
1988 21 41
1989 22 41
1990 23 41
1991 24 41
1992 25 41
1993 26 41
1994 27 41
1995 28 41
1996 29 41
1997 30 41
1998 31 41
1999 32 41
2000 33 41
2001 34 41
2002 35 41
2003 36 41
2004 37 41
2005 38 41
2006 39 41
2007 40 41
2008 41 41
2009 42 41
2010 43 41
2011 44 41
2012 45 41
2013 46 41
2014 47 41
2015 0 42
2016 1 42
2017 2 42
2018 3 42
2019 4 42
2020 5 42
2021 6 42
2022 7 42
2023 8 42
2024 9 42
2025 10 42
2026 11 42
2027 12 42
2028 13 42
2029 14 42
2030 15 42
2031 16 42
2032 17 42
2033 18 42
2034 19 42
2035 20 42
2036 21 42
2037 22 42
2038 23 42
2039 24 42
2040 25 42
2041 26 42
2042 27 42
2043 28 42
2044 29 42
2045 30 42
2046 31 42
2047 32 42
2048 33 42
2049 34 42
2050 35 42
2051 36 42
2052 37 42
2053 38 42
2054 39 42
2055 40 42
2056 41 42
2057 42 42
2058 43 42
2059 44 42
2060 45 42
2061 46 42
2062 47 42
2063 0 43
2064 1 43
2065 2 43
2066 3 43
2067 4 43
2068 5 43
2069 6 43
2070 7 43
2071 8 43
2072 9 43
2073 10 43
2074 11 43
2075 12 43
2076 13 43
2077 14 43
2078 15 43
2079 16 43
2080 17 43
2081 18 43
2082 19 43
2083 20 43
2084 21 43
2085 22 43
2086 23 43
2087 24 43
2088 25 43
2089 26 43
2090 27 43
2091 28 43
2092 29 43
2093 30 43
2094 31 43
2095 32 43
2096 33 43
2097 34 43
2098 35 43
2099 36 43
2100 37 43
2101 38 43
2102 39 43
2103 40 43
2104 41 43
2105 42 43
2106 43 43
2107 44 43
2108 45 43
2109 46 43
2110 47 43
2111 0 44
2112 1 44
2113 2 44
2114 3 44
2115 4 44
2116 5 44
2117 6 44
2118 7 44
2119 8 44
2120 9 44
2121 10 44
2122 11 44
2123 12 44
2124 13 44
2125 14 44
2126 15 44
2127 16 44
2128 17 44
2129 18 44
2130 19 44
2131 20 44
2132 21 44
2133 22 44
2134 23 44
2135 24 44
2136 25 44
2137 26 44
2138 27 44
2139 28 44
2140 29 44
2141 30 44
2142 31 44
2143 32 44
2144 33 44
2145 34 44
2146 35 44
2147 36 44
2148 37 44
2149 38 44
2150 39 44
2151 40 44
2152 41 44
2153 42 44
2154 43 44
2155 44 44
2156 45 44
2157 46 44
2158 47 44
2159 0 45
2160 1 45
2161 2 45
2162 3 45
2163 4 45
2164 5 45
2165 6 45
2166 7 45
2167 8 45
2168 9 45
2169 10 45
2170 11 45
2171 12 45
2172 13 45
2173 14 45
2174 15 45
2175 16 45
2176 17 45
2177 18 45
2178 19 45
2179 20 45
2180 21 45
2181 22 45
2182 23 45
2183 24 45
2184 25 45
2185 26 45
2186 27 45
2187 28 45
2188 29 45
2189 30 45
2190 31 45
2191 32 45
2192 33 45
2193 34 45
2194 35 45
2195 36 45
2196 37 45
2197 38 45
2198 39 45
2199 40 45
2200 41 45
2201 42 45
2202 43 45
2203 44 45
2204 45 45
2205 46 45
2206 47 45
2207 0 46
2208 1 46
2209 2 46
2210 3 46
2211 4 46
2212 5 46
2213 6 46
2214 7 46
2215 8 46
2216 9 46
2217 10 46
2218 11 46
2219 12 46
2220 13 46
2221 14 46
2222 15 46
2223 16 46
2224 17 46
2225 18 46
2226 19 46
2227 20 46
2228 21 46
2229 22 46
2230 23 46
2231 24 46
2232 25 46
2233 26 46
2234 27 46
2235 28 46
2236 29 46
2237 30 46
2238 31 46
2239 32 46
2240 33 46
2241 34 46
2242 35 46
2243 36 46
2244 37 46
2245 38 46
2246 39 46
2247 40 46
2248 41 46
2249 42 46
2250 43 46
2251 44 46
2252 45 46
2253 46 46
2254 47 46
696-744
1208-1256
1482-1483
1234-1282
2204-2205
1576-1577
530-531
747-795
1062-1110
1964-2012
735-736
519-567
1503-1504
1735-1783
1969-1970
2044-2092
468-469
692-693
793-794
1808-1857
1829-1877
804-852
931-932
1316-1364
1443-1444
1796-1844
1829-1830
1641-1642
882-883
1526-1574
2038-2086
619-620
1015-1063
1131-1132
1591-1592
529-530
2081-2082
1250-1298
1717-1718
443-492
1921-1969
633-681
1145-1193
849-897
1901-1949
587-636
5-53
26-74
794-842
444-493
103-104
1689-1737
1763-1764
664-712
1176-1224
242-290
1662-1710
1919-1967
1214-1215
1675-1723
1858-1859
1430-1478
1932-1980
1621-1622
353-401
1017-1018
234-282
490-538
1002-1050
1206-1207
1974-1975
2122-2123
1246-1294
1597-1598
208-256
226-227
635-683
850-851
2128-2176
1535-1536
839-887
2047-2048
753-754
1637-1685
1626-1674
1993-2041
968-1016
2120-2168
644-645
1412-1413
1001-1002
1513-1514
638-639
1869-1917
2166-2214
76-124
844-892
2193-2194
750-798
821-822
1262-1310
239-287
2095-2143
1632-1680
1555-1603
71-72
515-516
1731-1732
650-651
886-887
1162-1163
1398-1399
1254-1302
447-448
231-279
1439-1440
2151-2199
348-395
404-405
1644-1645
985-986
1251-1299
1507-1555
996-1044
1220-1268
1988-2036
2020-2068
254-302
861-862
2021-2022
2110-2158
439-488
1457-1505
649-650
1417-1418
1648-1696
194-195
267-315
1483-1531
1820-1868
19-20
1747-1748
97-98
154-155
870-871
174-222
1166-1214
539-586
634-682
251-252
1961-2009
1784-1832
189-190
957-958
146-147
606-607
914-915
166-214
646-694
44-92
812-860
1660-1708
2175-2176
1120-1121
2225-2226
2132-2133
586-634
1354-1402
521-569
252-253
1855-1903
2217-2218
1650-1651
1590-1638
235-236
1207-1208
1651-1652
256-257
834-882
173-174
373-374
941-942
403-451
873-921
1017-1065
1989-1990
1425-1473
749-797
1517-1565
441-488
65-66
236-237
918-965
219-220
904-952
818-866
1330-1378
457-458
1355-1356
1815-1816
934-935
1698-1746
333-334
2005-2006
1441-1489
1935-1983
1048-1049
1816-1817
2131-2179
554-602
1322-1370
1236-1284
1849-1897
1362-1410
220-221
2076-2077
351-399
1823-1871
2000-2048
1618-1619
875-923
2018-2019
2078-2079
607-608
1607-1655
480-481
1552-1553
921-922
955-1002
1667-1715
1957-2005
1156-1204
1924-1972
841-889
1736-1784
1957-1958
510-511
717-765
1485-1533
1358-1406
1378-1426
1589-1590
815-863
2031-2079
469-517
1651-1699
591-592
266-267
502-503
838-886
2023-2071
56-57
611-659
1093-1141
1571-1619
1861-1909
356-404
836-884
1348-1396
1817-1865
370-418
477-478
2108-2109
2032-2080
1086-1087
733-781
1547-1595
1986-1987
346-395
151-152
48-49
448-449
486-487
1966-2014
1663-1712
719-767
923-970
1045-1093
362-410
185-233
1000-1048
1078-1079
1704-1752
466-514
1636-1637
40-41
478-479
685-733
1453-1501
1570-1571
1787-1835
1980-2028
967-1015
1479-1527
625-626
774-775
1274-1275
540-587
2092-2093
293-341
771-819
1754-1802
2211-2212
137-185
905-953
293-294
516-517
1471-1519
654-655
269-317
1266-1267
2189-2237
2027-2028
663-711
1569-1570
949-950
1461-1462
129-177
1652-1700
2063-2064
1641-1689
2100-2148
278-279
1770-1771
2198-2199
1042-1090
917-964
811-859
1917-1965
614-662
1126-1174
2107-2155
454-455
756-757
1292-1293
1413-1461
1034-1082
1802-1850
153-201
1672-1720
126-174
894-942
446-447
66-67
139-187
86-134
907-955
1046-1094
1948-1996
1107-1108
55-103
1675-1676
1875-1876
1242-1243
1702-1703
546-594
85-86
853-854
1058-1106
1538-1586
1184-1232
762-810
1018-1066
1300-1348
1083-1084
438-439
61-62
740-741
1308-1309
1439-1487
1234-1235
1838-1839
323-371
90-138
1482-1530
679-680
1609-1657
912-959
124-125
413-414
892-893
2089-2090
1115-1163
1579-1580
2227-2228
384-385
962-1010
45-46
501-502
1261-1262
431-479
1237-1285
2166-2167
901-902
947-994
490-539
1055-1056
423-471
1921-1922
1210-1211
108-109
876-877
1625-1626
709-757
1221-1269
1955-2003
452-500
91-92
473-521
1767-1768
1458-1506
229-230
2141-2142
2185-2186
846-847
1202-1203
284-332
267-268
1483-1484
1943-1944
489-538
2150-2151
1806-1854
405-406
1677-1678
2017-2065
1944-1945
2136-2137
1450-1498
2170-2218
596-644
1108-1156
1915-1916
1977-2025
714-715
1226-1227
1706-1707
92-93
860-861
1352-1353
1832-1833
2248-2249
1186-1187
1646-1647
1954-1955
2142-2143
2128-2129
390-391
634-635
1228-1229
1708-1709
1711-1760
1784-1785
1539-1587
2122-2170
1028-1076
1521-1569
1705-1706
1847-1848
247-295
1810-1857
1520-1521
718-766
1230-1278
2114-2162
1779-1827
1268-1316
519-520
1735-1736
2179-2180
618-619
197-198
1105-1153
520-521
1512-1513
427-475
1533-1581
1222-1270
1990-2038
395-444
773-821
650-698
1162-1210
871-872
1945-1993
2159-2160
702-750
585-586
586-635
861-909
662-710
1174-1222
23-24
1751-1752
602-603
162-210
1154-1202
1922-1970
97-145
591-639
280-281
1752-1753
1338-1386
57-105
1853-1854
2146-2147
557-605
1915-1963
2109-2157
272-273
1488-1489
1568-1569
165-213
899-947
1411-1459
1882-1930
388-436
687-688
1225-1273
344-392
165-166
1282-1283
987-1035
2011-2059
220-268
476-524
791-839
988-1036
1195-1196
1655-1656
1963-1964
1518-1566
1729-1777
480-528
704-752
1333-1381
1811-1859
839-840
1795-1796
2184-2185
1183-1184
1511-1559
884-885
1164-1165
1241-1242
35-83
325-373
803-851
611-612
25-73
1534-1582
1596-1597
1201-1249
938-985
1667-1714
688-736
1904-1952
11-59
787-788
1547-1548
2003-2004
576-577
721-722
1456-1457
2074-2075
525-526
2063-2111
2169-2170
1056-1104
1536-1584
890-938
2171-2172
1193-1241
312-360
350-398
668-669
868-869
1180-1181
1380-1381
1661-1662
391-440
1448-1449
290-291
1469-1517
1926-1974
188-236
672-673
2161-2162
588-589
1324-1325
1748-1749
451-499
485-533
1819-1820
1020-1021
625-673
1087-1135
1571-1618
1846-1894
1907-1908
2155-2156
940-987
1133-1134
2229-2230
372-420
579-580
249-297
1295-1296
1332-1380
1617-1714
274-322
1169-1217
656-704
125-173
1851-1899
958-1005
1004-1005
266-314
879-880
1639-1640
2200-2248
2034-2082
201-202
974-975
1074-1075
1437-1485
1750-1798
156-204
139-140
339-340
907-908
1463-1511
258-306
2253-2254
673-721
1185-1233
1337-1338
640-688
1269-1317
1525-1573
2026-2074
315-316
1066-1067
1834-1835
1106-1154
988-989
95-143
1055-1103
302-303
670-671
2171-2219
1375-1376
1671-1719
1329-1330
1177-1178
1656-1657
1319-1320
1833-1834
642-643
347-395
1819-1867
630-678
299-300
119-167
887-935
926-973
657-658
1015-1016
1459-1460
590-638
610-658
1102-1150
1122-1170
577-625
1071-1119
1248-1296
1907-1955
847-848
1607-1608
2051-2052
286-334
1541-1542
2206-2254
1094-1142
551-599
1767-1815
129-130
1684-1685
999-1000
1511-1512
114-162
574-622
956-957
1092-1093
1790-1838
1279-1327
752-800
1264-1312
989-1037
1803-1851
1292-1340
1623-1624
192-193
816-817
1690-1691
270-318
533-534
2190-2238
408-409
1401-1402
1624-1625
106-154
1466-1514
632-680
1256-1304
1700-1701
262-310
1702-1750
1132-1180
639-640
1900-1948
400-401
881-882
1030-1031
2170-2171
460-461
596-597
940-941
1108-1109
1452-1453
1588-1589
490-536
37-85
1765-1813
667-668
1435-1436
37-38
772-773
1284-1285
703-751
1215-1263
910-911
13-61
311-312
1523-1524
1653-1654
1205-1253
1939-1987
692-740
967-968
489-537
1479-1480
1923-1924
22-23
2026-2027
699-747
1467-1515
276-277
1012-1013
1036-1037
1772-1773
1178-1226
1625-1673
1611-1659
2141-2189
471-472
823-871
915-916
629-677
1075-1123
1843-1891
1065-1113
540-541
996-997
1052-1053
1508-1509
671-719
1183-1231
2130-2131
2093-2141
2119-2167
800-801
1312-1313
539-588
714-762
1226-1274
935-936
1447-1448
1352-1400
667-715
1435-1483
1206-1254
1974-2022
1228-1276
51-52
819-820
128-129
1218-1266
245-246
2101-2102
175-223
1391-1439
1344-1392
275-323
1423-1424
932-979
1157-1158
784-832
167-215
1383-1431
396-397
1881-1882
1263-1264
2031-2032
520-568
2072-2120
1757-1758
1033-1034
368-416
28-76
467-468
11-12
1761-1762
344-393
1306-1307
1766-1767
149-150
1933-1934
1295-1343
1465-1466
288-336
768-816
1280-1328
682-730
1194-1242
404-452
360-408
1320-1368
1962-1963
2134-2135
381-382
2148-2149
1811-1858
1810-1811
1259-1307
1542-1590
492-540
236-284
1799-1847
1196-1244
352-353
1457-1458
1680-1681
134-135
890-891
212-213
980-981
1204-1205
1972-1973
2124-2125
537-538
1049-1050
675-676
2161-2209
1961-1962
1041-1042
1809-1810
1506-1554
365-366
341-389
1231-1232
1257-1305
1999-2000
2115-2116
874-875
1386-1387
2117-2118
1133-1181
1729-1730
314-315
1734-1735
1556-1557
538-586
2184-2232
754-802
1522-1570
1151-1199
1865-1866
306-307
1164-1212
1623-1671
858-859
1318-1319
2082-2130
1741-1742
847-895
761-762
1273-1274
2176-2224
211-259
467-515
691-739
979-1027
1203-1251
298-299
1750-1751
1572-1573
1759-1807
346-393
738-739
813-861
1310-1311
1325-1373
1265-1266
2033-2034
1125-1173
1603-1651
1893-1941
1967-1968
2121-2169
88-136
1693-1694
745-746
2178-2179
1101-1149
588-636
1697-1698
751-799
1985-2033
2113-2161
960-1008
1472-1520
1077-1125
630-631
1418-1419
1694-1742
959-960
326-327
148-149
916-917
1720-1721
1764-1812
1627-1628
1753-1801
324-325
605-606
1117-1118
318-319
706-707
1803-1804
609-610
2001-2002
1856-1857
614-615
922-923
1126-1127
686-734
781-782
1293-1294
1434-1435
347-394
277-325
2197-2245
1146-1194
763-764
56-104
310-311
1272-1320
1640-1688
2168-2216
701-702
712-713
1192-1193
2210-2211
658-659
1118-1119
1426-1427
1886-1887
556-604
1148-1196
1916-1964
2108-2156
928-929
1440-1441
506-507
308-309
2220-2221
195-243
291-292
1801-1849
2203-2204
285-286
881-929
498-499
1550-1551
1078-1126
747-748
1139-1140
0-1
578-626
117-118
685-686
885-886
1090-1138
1453-1454
1537-1585
147-195
437-485
2247-2248
490-491
2129-2177
1714-1764
1005-1053
1707-1755
2029-2077
577-578
410-458
731-732
1135-1136
562-610
305-353
490-537
1765-1812
331-379
278-326
2198-2246
1611-1612
2195-2196
474-475
77-78
1237-1238
1423-1471
416-464
896-944
307-355
1408-1456
919-966
2235-2236
297-345
509-510
46-47
466-467
926-927
1387-1435
489-536
1927-1975
224-225
1808-1809
1912-1913
1700-1748
303-304
1063-1064
2223-2224
254-255
2203-2251
438-486
460-508
2219-2220
1937-1938
493-494
833-881
1345-1393
1139-1187
1103-1104
1671-1672
10-11
246-247
778-779
30-78
1014-1015
1797-1798
273-321
648-649
1384-1385
2207-2208
1831-1879
442-443
1606-1607
345-346
568-569
1123-1171
1891-1939
100-148
580-628
1560-1608
882-930
221-222
989-990
1637-1638
1854-1902
265-266
1520-1568
434-435
1245-1293
1036-1084
663-664
1879-1880
337-338
230-231
998-999
14-62
397-398
1813-1814
1231-1279
1999-2047
152-153
633-634
1145-1146
1880-1881
2048-2096
1210-1258
697-745
888-936
426-427
1400-1448
1622-1623
210-258
1630-1678
586-633
552-553
222-223
1275-1323
1826-1827
6-54
428-476
764-812
711-759
1276-1324
1532-1580
144-145
1137-1138
345-394
805-853
260-308
649-697
1417-1465
805-806
1565-1566
617-618
1166-1167
55-56
755-756
1175-1223
1267-1268
1057-1058
1825-1826
1646-1694
693-694
897-945
1908-1956
1605-1606
365-413
555-603
1067-1115
1382-1430
585-634
198-199
966-967
20-21
1268-1269
492-541
739-740
665-713
1881-1929
638-686
383-431
190-191
651-699
834-835
598-646
396-444
1314-1362
597-598
1794-1842
182-183
950-951
222-270
573-574
1789-1790
1667-1716
1616-1664
1341-1389
2201-2202
67-115
357-405
602-650
835-883
1583-1584
457-505
1752-1800
157-158
636-637
925-926
1404-1405
538-587
333-381
1628-1676
1835-1836
2124-2172
2126-2174
557-558
1013-1014
2146-2194
449-497
608-656
1088-1136
19-67
707-708
1167-1168
2119-2120
1571-1620
2118-2166
1599-1600
1127-1175
2087-2135
620-621
1714-1811
227-275
483-531
1187-1235
1477-1525
196-244
859-860
217-265
964-1012
985-1033
1371-1372
1650-1698
997-998
433-481
112-160
1358-1359
459-507
1309-1357
1584-1632
2242-2243
796-844
211-212
2067-2068
1617-1618
2017-2018
2202-2203
2069-2070
1685-1733
588-637
1364-1412
1403-1404
425-473
104-152
604-605
1372-1373
1134-1135
1442-1443
2194-2195
1318-1366
1798-1846
1902-1903
380-428
1596-1644
2156-2204
96-97
1201-1202
1936-1937
902-903
1146-1147
2054-2055
1272-1273
2040-2041
1572-1620
319-367
1193-1194
626-627
1782-1830
1764-1813
1776-1777
1486-1534
2221-2222
1524-1572
1799-1800
1664-1711
1682-1730
965-966
401-449
1032-1033
1800-1801
171-219
1478-1526
1985-1986
2113-2114
1812-1813
1285-1333
1418-1466
1982-2030
605-653
1117-1165
331-332
791-792
1879-1927
2007-2008
1114-1115
674-722
469-470
1410-1458
1668-1714
609-657
1103-1151
24-25
792-793
1240-1241
2008-2009
1723-1724
825-873
1760-1807
338-386
1828-1829
2014-2062
287-335
594-595
994-995
1403-1451
1454-1455
1791-1792
583-631
16-17
1744-1745
643-691
132-180
900-948
712-760
933-934
1569-1618
1538-1539
1755-1803
1143-1144
535-583
1047-1095
1451-1452
1911-1912
1953-1954
565-566
1781-1782
1007-1055
1711-1759
1283-1284
1950-1998
261-262
2181-2182
1510-1558
999-1047
946-993
1537-1538
70-71
628-629
1140-1141
1976-1977
2104-2105
69-117
547-595
837-885
1123-1124
793-841
1891-1892
1022-1070
2244-2245
1084-1085
1852-1853
2046-2094
511-559
1023-1071
1200-1248
62-63
523-571
962-963
1739-1787
343-344
1299-1300
865-866
1377-1378
2096-2097
1422-1470
2081-2129
21-69
1684-1732
1019-1020
1531-1532
680-728
54-55
1896-1944
94-142
612-613
862-910
1436-1437
1917-1918
1992-1993
2088-2089
1262-1263
34-35
507-555
750-751
1414-1462
1772-1820
250-251
1670-1671
1100-1101
1868-1869
2228-2229
2073-2074
963-1011
997-1045
730-778
986-1034
2010-2058
1051-1052
2185-2233
29-30
1532-1533
1137-1185
242-243
1677-1725
1806-1807
1003-1004
1463-1464
289-290
2065-2066
2177-2225
1621-1669
116-164
1091-1092
617-665
1588-1636
1859-1860
234-235
1686-1687
18-66
1168-1216
893-941
1083-1131
833-834
1345-1346
1594-1595
268-269
389-437
10-58
778-826
987-988
345-393
930-977
1499-1500
648-696
713-714
718-719
2187-2235
1230-1231
22-70
1238-1286
2114-2115
83-84
651-652
727-775
851-852
1239-1287
2103-2151
218-219
678-679
2-50
2133-2134
1167-1215
1593-1594
160-208
276-324
59-60
1492-1540
1610-1611
253-254
1500-1501
607-655
210-211
619-667
814-815
1131-1179
1159-1207
1144-1145
585-633
2180-2181
1811-1860
1065-1066
1922-1923
2174-2175
91-139
1051-1099
1154-1155
1910-1958
43-44
631-679
759-760
1271-1272
1399-1447
1648-1649
1715-1716
237-238
2093-2094
213-261
396-445
1927-1928
798-846
1233-1281
1489-1537
1928-1929
31-32
897-898
186-187
1862-1863
89-90
824-825
1336-1337
1616-1665
419-467
743-744
2139-2140
1712-1759
700-701
1212-1213
178-179
459-460
919-920
81-82
481-482
704-705
1328-1329
782-830
141-142
737-785
934-981
1249-1297
920-921
1112-1113
1505-1553
618-666
170-171
1878-1879
1188-1189
1956-1957
943-990
2140-2141
328-329
808-809
366-367
1388-1436
1919-1920
1616-1617
204-205
684-685
1364-1365
1844-1845
504-505
515-563
1731-1779
4-52
1571-1572
1821-1822
497-545
1897-1898
525-573
823-824
496-497
1536-1537
243-291
499-547
1011-1059
1204-1252
711-712
1155-1156
1972-2020
534-535
488-489
509-557
449-450
1669-1717
2019-2020
2098-2146
1585-1633
1867-1915
854-902
1366-1414
215-216
343-391
659-660
1171-1172
1335-1383
1613-1614
472-473
1141-1189
1619-1667
314-362
1909-1957
2090-2138
1556-1604
2105-2153
1502-1550
829-830
2045-2046
1872-1920
1634-1635
2143-2144
464-465
544-545
1760-1761
347-396
939-986
858-906
1839-1840
201-249
2213-2214
258-259
1790-1791
375-376
563-564
1331-1332
417-418
640-641
494-542
813-814
1325-1326
193-241
1888-1936
309-357
787-835
2005-2053
1987-1988
2127-2128
1668-1715
1566-1614
1553-1601
528-576
1040-1088
1855-1856
679-727
2239-2240
140-141
440-441
2147-2195
1636-1684
1519-1520
2116-2164
1032-1080
1800-1848
1714-1762
316-317
1732-1733
444-490
177-225
933-980
880-928
590-591
203-251
1840-1888
2059-2107
523-524
979-980
1739-1740
432-433
1873-1874
1582-1630
661-662
1569-1617
32-80
512-560
1941-1989
148-196
1147-1148
169-217
504-552
1016-1064
1720-1768
125-126
424-425
1608-1609
1042-1043
445-493
1515-1563
1758-1759
1759-1760
1031-1079
864-865
300-301
724-725
1460-1461
1305-1306
1828-1876
283-284
1955-1956
2052-2053
63-111
1777-1825
2153-2154
270-271
1906-1907
2190-2191
310-358
371-372
1643-1644
2039-2087
2199-2247
1297-1298
109-110
85-133
853-901
308-356
271-272
1487-1488
1657-1705
928-975
487-536
145-193
1361-1409
315-363
2091-2139
58-59
826-827
517-565
1029-1077
1050-1098
1818-1866
615-616
1688-1736
1010-1058
1353-1354
2249-2250
50-51
413-461
2204-2252
2187-2188
439-487
1229-1230
1997-1998
865-913
1377-1425
313-314
1529-1530
245-293
501-549
746-794
1258-1306
1459-1507
1514-1562
42-43
810-811
1238-1239
82-130
1060-1061
1758-1806
2006-2007
31-79
1247-1295
1621-1668
720-768
1232-1280
1147-1195
1250-1251
1874-1875
1863-1911
305-306
1521-1522
295-296
1455-1456
2215-2216
600-648
1992-2040
1668-1669
297-298
2025-2026
1406-1407
283-331
345-392
1100-1148
435-436
1868-1916
2167-2215
1774-1822
1845-1846
1263-1311
224-272
2144-2192
371-419
583-584
1027-1028
2243-2244
1674-1675
1910-1911
1182-1230
5-6
1471-1472
743-791
2177-2178
660-661
1497-1498
1763-1811
1252-1300
2009-2057
766-814
68-69
1373-1374
255-303
1673-1674
830-831
779-827
1218-1219
1995-2043
585-632
268-316
87-88
531-532
1043-1044
2240-2241
1344-1345
1489-1490
1712-1713
666-667
1382-1383
1198-1246
789-837
442-490
568-616
1960-2008
420-421
1213-1214
1981-1982
1374-1375
678-726
1158-1206
1068-1116
1836-1884
1632-1633
1018-1019
52-53
229-277
2085-2133
1610-1658
35-36
803-804
1033-1081
764-765
1276-1277
2085-2086
2162-2163
1933-1981
1259-1260
768-769
1280-1281
1346-1394
629-630
1025-1073
1793-1841
181-229
387-388
1897-1945
2041-2089
1002-1003
1942-1943
2154-2155
538-585
2056-2057
1773-1821
953-1000
12-13
748-749
133-181
154-202
89-137
1928-1976
1716-1763
1842-1890
49-97
817-865
969-970
1481-1482
75-123
1867-1868
1495-1543
1719-1767
2138-2139
986-987
1958-1959
845-846
1357-1358
2127-2175
1714-1809
51-99
819-867
1578-1626
20-68
41-89
732-733
1244-1245
863-911
1375-1423
336-384
1631-1632
992-993
1504-1505
537-586
1433-1434
1713-1762
2179-2227
1188-1236
1956-2004
1865-1913
328-376
1669-1716
1022-1023
1741-1789
182-230
921-968
204-252
2071-2119
1425-1426
1904-1905
2176-2177
367-415
1327-1375
320-368
2016-2064
1493-1541
399-400
1159-1160
522-523
758-759
1290-1291
1526-1527
17-65
785-833
1619-1666
1350-1398
359-407
1319-1367
954-955
2164-2165
857-858
1379-1427
868-916
1380-1428
1860-1908
2147-2148
1048-1096
1816-1864
1342-1390
733-734
1125-1126
1893-1894
9-10
304-352
1598-1599
2076-2124
203-204
1175-1176
2059-2060
1472-1473
560-561
225-226
960-961
282-283
742-743
1072-1073
909-910
1301-1302
2061-2062
271-319
1487-1535
441-442
1557-1605
874-922
1386-1434
1209-1257
1512-1560
296-344
938-939
1110-1111
722-770
1490-1538
72-73
1064-1065
274-275
1709-1757
990-991
518-566
1502-1503
172-220
1991-2039
263-311
2208-2209
433-434
656-657
1872-1873
1286-1287
1786-1787
2182-2183
1567-1616
1317-1365
1795-1843
1317-1318
1540-1541
241-289
425-426
781-829
1293-1341
1714-1763
444-491
482-530
1134-1182
1902-1950
1973-1974
641-689
1153-1201
233-281
2153-2201
790-791
1302-1303
1554-1602
1093-1094
1861-1862
1569-1616
2192-2240
109-157
1323-1371
1638-1686
193-194
710-711
532-533
445-492
1925-1973
1177-1225
1150-1198
1918-1966
127-175
578-579
1931-1979
1090-1091
1163-1211
1470-1471
140-188
87-135
567-615
1079-1127
294-295
1754-1755
2214-2215
1570-1618
461-462
1109-1110
1877-1878
1274-1322
1530-1578
1812-1860
1595-1596
470-471
694-695
1462-1463
1085-1086
1764-1765
286-287
1890-1891
2155-2203
101-149
579-627
869-917
1114-1162
1703-1704
1240-1288
1608-1656
669-670
77-125
1627-1675
1884-1932
1116-1164
161-162
896-897
1408-1409
440-487
1474-1522
961-1009
1647-1695
53-101
1749-1797
394-395
1413-1414
1087-1088
1447-1495
1722-1723
1132-1133
1900-1901
2196-2197
184-185
1733-1781
484-532
603-604
708-756
729-777
1476-1524
1970-2018
741-742
1253-1254
2236-2237
1308-1356
779-780
1995-1996
176-177
1838-1886
917-918
1429-1430
1721-1722
1173-1221
1620-1668
2104-2152
1976-2024
616-664
248-296
1576-1624
1738-1739
168-169
1864-1865
1852-1900
124-172
892-940
1084-1132
1740-1741
2051-2099
1060-1108
265-313
2033-2081
1763-1810
14-15
397-445
54-102
1270-1318
115-116
759-807
1271-1319
1899-1900
2032-2033
2048-2049
1742-1790
257-305
2035-2083
2195-2243
1031-1032
1913-1961
2025-2073
406-407
1642-1643
1170-1218
709-710
1221-1222
1938-1986
1288-1289
1768-1769
442-491
683-731
1789-1837
1674-1722
1895-1896
1944-1992
948-995
1214-1262
1097-1098
1373-1421
470-518
982-1030
1686-1734
75-76
183-231
535-536
1047-1048
1574-1575
1186-1234
213-214
1954-2002
399-447
536-537
1304-1305
2165-2213
1594-1642
1211-1212
569-617
1081-1129
1979-1980
850-898
915-962
1488-1536
2094-2095
1581-1629
1279-1280
391-439
784-785
2000-2001
2080-2081
376-377
677-725
1189-1237
1923-1971
420-468
39-40
644-692
1199-1200
1412-1460
856-904
1368-1416
677-678
1189-1190
1794-1795
1243-1291
732-780
1244-1292
1303-1351
1500-1548
2012-2060
368-369
1615-1664
1504-1552
1728-1776
115-163
1863-1864
2058-2059
773-774
360-361
2064-2112
703-704
1215-1216
1695-1696
1025-1026
1793-1794
582-583
1396-1397
1676-1677
581-629
1059-1107
1349-1397
1827-1875
2148-2196
1379-1380
537-585
1049-1097
280-328
2056-2104
357-358
1713-1761
496-544
2126-2127
1035-1083
12-60
855-856
1088-1089
1233-1234
1968-1969
1549-1550
344-345
1568-1616
1402-1450
186-234
824-872
566-567
1336-1384
606-654
1692-1693
1892-1893
1480-1481
802-803
251-299
1518-1519
1725-1773
1958-2006
700-748
1212-1260
336-337
1696-1697
1356-1357
1580-1581
541-542
754-755
2103-2104
33-34
801-802
366-414
1645-1646
884-932
1347-1348
761-809
1273-1321
1551-1552
1844-1892
786-834
325-326
1298-1346
1681-1729
637-685
1149-1197
358-406
780-781
2028-2029
2068-2069
2053-2101
522-570
1290-1338
2074-2122
1391-1392
857-905
2151-2152
1586-1587
1693-1741
2238-2239
534-582
668-716
595-596
1163-1164
1180-1228
1363-1364
1931-1932
1975-2023
290-338
770-818
1697-1745
1849-1850
672-720
1664-1712
1781-1829
827-828
1339-1340
1714-1760
1098-1099
1866-1867
2230-2231
1618-1666
765-766
80-128
354-355
317-365
722-723
1326-1327
1694-1695
1887-1888
1585-1586
2115-2163
559-560
72-120
2205-2206
1410-1411
859-907
1371-1419
1142-1190
348-396
811-812
1527-1528
1971-1972
1169-1170
1614-1662
749-750
1634-1682
111-159
1601-1649
64-112
1760-1808
2067-2115
1359-1360
1570-1619
1416-1417
1640-1641
1812-1861
543-544
103-151
1063-1111
641-642
1153-1154
163-211
453-501
2023-2024
942-989
626-674
1086-1134
1468-1469
1604-1605
48-96
690-691
285-333
1501-1549
1776-1824
2160-2208
593-594
993-994
2145-2146
302-350
1045-1046
1294-1342
185-186
1432-1433
340-388
379-380
40-88
440-488
1656-1704
2152-2200
2237-2238
110-111
418-419
878-879
294-342
774-822
316-364
1151-1152
2092-2140
177-178
912-913
1393-1394
972-973
1484-1485
1620-1621
1964-1965
248-249
1016-1017
549-597
1061-1109
935-982
516-564
1691-1692
549-550
1061-1062
1796-1797
1727-1775
169-170
1385-1386
1422-1423
363-364
1335-1336
1431-1479
240-241
462-510
945-992
1717-1765
500-548
263-264
377-425
1460-1508
1513-1561
1991-1992
402-450
232-233
1000-1001
253-301
1021-1069
454-502
1723-1771
1620-1669
961-962
788-789
1524-1525
1548-1549
394-442
1690-1738
1507-1508
408-456
446-494
983-984
855-903
1427-1428
38-39
386-434
216-217
984-985
397-444
1107-1155
1397-1445
58-106
826-874
1875-1923
443-444
1577-1625
990-1038
292-293
1564-1565
2020-2021
479-527
991-1039
1695-1743
30-31
379-427
430-431
1597-1645
208-209
1824-1825
913-960
1738-1786
1959-1960
713-761
1864-1912
2-3
475-523
1691-1739
1740-1788
119-120
427-428
887-888
929-930
1006-1054
757-758
687-735
1903-1951
1376-1424
821-869
1299-1347
259-260
1475-1476
414-462
1296-1344
486-534
257-258
908-909
1420-1421
952-953
1288-1336
1202-1250
60-61
828-829
1220-1221
1988-1989
1545-1546
1392-1440
715-763
1565-1613
540-588
1035-1036
1052-1100
1491-1492
2199-2200
1562-1563
398-446
1057-1105
1551-1599
1825-1873
1977-1978
800-848
1312-1360
1792-1840
1706-1754
660-708
681-729
872-920
1832-1880
1994-1995
2102-2103
2142-2190
412-413
893-894
936-937
189-237
390-438
1574-1622
748-796
1004-1052
1247-1248
1708-1756
2015-2016
2028-2076
646-647
1402-1403
44-45
812-813
1236-1237
2004-2005
1561-1562
27-28
1187-1188
2077-2078
575-623
782-783
141-189
1394-1395
537-584
439-440
1527-1575
1762-1810
877-878
1389-1390
1713-1760
597-645
52-100
15-16
783-784
1769-1817
150-151
1898-1899
2066-2114
1568-1617
59-107
1645-1693
570-571
393-490
1306-1354
2058-2106
2201-2249
1778-1826
2174-2222
1619-1668
1663-1711
818-819
157-205
1330-1331
2134-2182
214-262
1942-1990
1676-1724
2131-2132
1370-1371
1830-1831
2050-2098
143-191
1359-1407
57-58
1785-1786
723-771
1235-1283
1491-1539
1715-1763
2003-2051
468-516
554-555
330-331
1322-1323
2109-2110
543-591
1362-1363
1710-1711
1837-1885
135-183
1351-1399
49-50
817-818
120-121
2138-2186
807-808
2095-2096
1480-1528
1156-1157
1924-1925
2172-2173
41-42
1257-1258
27-75
1613-1661
374-422
2139-2187
1356-1404
179-180
112-113
1333-1334
1984-2032
1589-1637
391-392
1142-1143
1930-1931
209-257
465-513
104-105
1664-1713
1766-1814
1951-1952
1714-1761
838-839
1618-1667
1172-1173
1940-1941
2156-2157
836-837
1348-1349
1629-1630
767-815
1161-1162
1929-1930
1456-1504
780-828
1633-1634
1638-1639
1946-1947
1678-1726
1805-1806
88-89
1617-1666
1787-1788
1448-1496
342-343
822-823
1334-1335
164-165
932-933
1469-1470
1224-1225
1704-1705
1760-1809
1682-1683
364-412
1324-1372
80-81
1952-1953
340-341
820-821
707-755
1098-1146
1866-1914
547-548
797-798
1393-1441
1010-1011
1522-1523
1719-1720
512-513
1602-1650
1141-1142
1709-1710
1909-1910
659-707
1171-1219
1461-1509
131-132
1385-1433
1529-1577
1514-1515
2245-2246
1424-1472
1261-1309
1601-1602
440-489
645-693
1434-1482
1755-1756
1416-1464
1074-1122
561-609
843-891
790-838
1302-1350
2006-2054
2071-2072
1446-1447
589-590
1749-1750
1953-2001
2145-2193
1440-1488
1920-1968
339-387
563-611
1066-1114
1331-1379
1834-1882
532-580
1748-1796
809-857
1321-1369
1021-1022
1717-1764
848-896
98-99
61-109
558-559
978-979
1070-1071
1490-1491
1950-1951
1119-1120
736-737
1575-1576
1353-1401
472-520
984-1032
766-767
1229-1277
1997-2045
694-742
1462-1510
394-443
972-1020
1484-1532
488-535
1870-1918
1005-1006
1517-1518
1890-1938
1857-1905
832-880
981-1029
542-590
1763-1812
529-577
1160-1161
1896-1897
319-320
799-800
871-919
1311-1312
1369-1370
1592-1593
2083-2131
612-660
495-496
1092-1140
2073-2121
1906-1954
452-453
1245-1246
2013-2014
442-489
777-778
1289-1290
816-864
946-947
29-77
1458-1459
1548-1596
715-716
849-850
26-27
794-795
1254-1255
46-94
526-574
1038-1086
1421-1422
2022-2023
15-63
289-337
783-831
664-665
1176-1177
1657-1658
405-453
1722-1770
2196-2244
123-124
1912-1960
184-232
458-459
1450-1451
978-1026
2002-2050
584-585
18-19
491-539
734-735
38-86
1030-1078
1197-1245
1965-2013
1452-1500
1788-1836
7-55
1223-1271
945-946
1168-1169
436-437
281-282
1283-1331
292-340
419-420
772-820
1284-1332
1673-1721
1028-1029
753-801
1983-2031
2111-2159
1129-1130
502-550
1014-1062
107-108
567-568
1079-1080
1779-1780
273-274
226-274
994-1042
1205-1206
2157-2158
1409-1457
2133-2181
540-589
463-464
121-169
337-385
2193-2241
877-925
1389-1437
1579-1627
1894-1942
2173-2221
1222-1223
1990-1991
2106-2107
584-631
1044-1045
957-1004
1251-1252
152-200
1406-1454
895-943
1407-1455
329-330
702-703
1346-1347
1419-1467
406-454
1622-1670
908-956
1420-1468
1826-1874
205-206
973-974
1365-1366
505-506
435-483
214-215
982-983
1762-1811
2130-2178
734-782
36-37
1252-1253
1820-1821
223-271
1951-1999
2143-2191
174-175
123-171
798-799
1853-1901
511-512
1023-1024
497-498
950-997
613-661
1091-1139
1381-1429
1859-1907
1994-2042
1191-1192
969-1017
1481-1529
388-389
1181-1182
1660-1661
1949-1950
489-490
1761-1810
382-383
845-893
1357-1405
952-999
238-286
1581-1582
2037-2038
1473-1521
1967-2015
925-972
1120-1168
1600-1648
531-579
1043-1091
3-4
1219-1220
1679-1680
138-139
374-375
158-206
1715-1762
230-278
415-416
1639-1687
1388-1389
473-474
739-787
995-1043
1699-1747
1989-2037
2019-2067
228-276
1883-1884
1241-1289
2162-2210
349-350
1509-1510
393-394
624-672
1136-1184
971-1019
1821-1869
723-724
1235-1236
320-321
465-466
688-689
358-359
142-190
1962-2010
2154-2202
1876-1924
1449-1497
760-808
1128-1176
1628-1629
350-351
1698-1699
134-182
1830-1878
636-684
1404-1452
608-609
1713-1714
1926-1927
920-967
1664-1714
330-378
9-57
831-879
1343-1391
1138-1139
909-957
2061-2109
566-614
183-184
627-628
322-370
1998-2046
1-49
769-817
1780-1828
918-919
1130-1131
2070-2071
1477-1478
1617-1665
493-541
1195-1243
1734-1782
1963-2011
2045-2093
1930-1978
2202-2250
1383-1384
1570-1617
306-354
2097-2145
1629-1677
2123-2171
843-844
471-519
695-743
1303-1304
1442-1490
981-982
1493-1494
1666-1714
417-465
1633-1681
298-346
212-260
2068-2116
1337-1385
799-847
1311-1359
2015-2063
949-996
1106-1107
1069-1117
1506-1507
1566-1567
1095-1143
528-529
1040-1041
409-410
1155-1203
1445-1493
164-212
440-490
1224-1272
1445-1446
461-509
1707-1708
1559-1607
2099-2100
401-402
880-881
334-382
354-402
1077-1078
303-351
1519-1567
992-1040
1216-1264
627-675
135-136
1351-1352
1285-1286
326-374
2022-2070
295-343
1094-1095
1652-1653
1753-1754
355-403
1315-1363
324-372
1305-1353
24-72
792-840
944-991
318-366
101-102
869-870
1535-1583
2047-2095
2057-2058
1008-1056
574-575
1474-1475
1367-1368
2251-2252
1889-1890
1454-1502
277-278
1037-1038
1934-1982
2197-2198
463-511
533-581
2043-2044
488-536
86-87
1192-1240
1118-1166
1124-1125
1886-1934
1948-1949
546-547
429-477
763-811
1058-1059
1446-1494
1531-1579
1468-1516
455-503
848-849
1184-1185
262-263
762-763
1759-1808
1987-2035
2021-2069
1242-1290
1498-1546
1563-1564
1053-1054
447-495
1515-1516
1975-1976
545-546
1313-1314
492-539
110-158
437-438
878-926
628-676
1140-1188
1129-1177
746-747
1258-1259
530-578
69-70
837-838
299-347
1405-1453
102-150
1595-1643
2157-2205
1857-1858
2241-2242
1516-1517
491-538
901-949
2011-2012
1369-1417
1160-1208
2175-2223
1737-1738
1742-1743
1436-1484
1419-1420
1751-1799
730-731
1190-1191
34-82
514-562
1026-1074
1679-1727
1152-1200
250-298
506-554
788-836
571-572
2004-2052
284-285
1277-1278
415-463
1631-1679
866-867
1182-1183
1643-1691
1689-1690
2149-2197
458-506
1071-1072
1097-1145
216-264
584-632
2136-2184
1577-1578
603-651
1563-1611
92-140
555-556
860-908
1067-1068
1655-1703
1783-1784
450-498
623-671
1089-1137
1583-1631
725-773
2101-2149
1822-1870
389-390
1745-1793
1606-1654
63-64
1409-1410
698-699
588-635
601-602
1113-1114
1848-1849
2232-2233
197-245
1443-1491
1255-1256
434-482
1724-1725
971-972
1431-1432
1105-1106
1505-1506
1728-1729
2224-2225
814-862
653-654
1165-1166
1761-1809
697-698
1913-1914
149-197
426-474
1642-1690
84-132
891-892
1465-1513
552-600
202-203
682-683
1144-1192
1194-1195
1768-1816
1764-1811
840-841
1320-1321
162-163
622-623
930-931
60-108
828-876
1644-1692
1542-1543
716-717
1196-1197
1876-1877
760-761
1528-1529
1027-1075
36-84
1179-1180
1947-1948
1009-1057
681-682
1549-1597
246-294
2102-2150
875-876
2035-2036
1008-1009
206-254
2165-2166
755-803
1267-1315
1523-1571
244-292
7-8
889-937
1001-1049
1012-1060
1223-1224
1667-1668
395-490
1558-1559
146-194
81-129
264-265
744-745
765-813
1211-1259
198-246
966-1014
1979-2027
937-984
1473-1474
138-186
1433-1481
190-238
73-74
349-397
150-198
1878-1926
727-728
1239-1240
1367-1415
1683-1684
2123-2124
1618-1665
550-551
130-178
898-946
2125-2126
728-729
1496-1497
1809-1858
570-618
187-188
955-956
1341-1342
464-512
891-939
255-256
976-977
1056-1057
1617-1664
493-540
387-435
1370-1418
175-176
2008-2056
770-771
219-267
1179-1227
1947-1995
171-172
279-327
631-632
939-940
1399-1400
1441-1442
1587-1588
1664-1665
1730-1778
1837-1838
705-753
1217-1265
771-772
1666-1715
2078-2126
1669-1670
1552-1600
159-160
487-535
1703-1751
1-2
769-770
372-373
652-653
217-218
1464-1465
355-356
1775-1776
510-558
572-573
1340-1341
689-737
1665-1714
1614-1615
1227-1275
64-65
209-210
944-945
2062-2110
1685-1686
2200-2201
544-592
1024-1072
378-426
1172-1220
1659-1660
1940-1988
1528-1576
2040-2088
156-157
356-357
637-638
1149-1150
456-457
494-495
701-749
1554-1555
902-950
2054-2102
1771-1819
1543-1591
1888-1889
2192-2193
332-333
556-557
1492-1493
1716-1717
1817-1818
795-796
1307-1308
822-870
1334-1382
883-884
1395-1396
1553-1554
2018-2066
621-622
1109-1157
1877-1925
820-868
323-324
1743-1744
657-705
1873-1921
394-441
827-875
1339-1387
488-537
1082-1083
1850-1851
2246-2247
1541-1589
367-368
1127-1128
1266-1314
462-463
562-563
669-717
726-774
161-209
1889-1937
825-826
2041-2042
757-805
1013-1061
1770-1818
1971-2019
2037-2085
74-75
842-843
594-642
1744-1792
1659-1707
351-352
647-695
561-562
1777-1778
396-443
153-154
632-633
1624-1672
809-810
1321-1322
386-387
795-843
1307-1355
118-166
1662-1663
503-504
947-948
145-146
78-126
98-146
47-95
2159-2207
736-784
2112-2160
883-931
1395-1443
1095-1096
1539-1540
2191-2192
517-518
1029-1030
392-393
616-617
70-118
39-87
1255-1303
1428-1429
2009-2010
487-488
62-110
444-445
580-581
1278-1326
1885-1886
240-288
1854-1855
477-525
1291-1339
2096-2144
599-600
1111-1112
1555-1556
1121-1122
584-633
1178-1179
1894-1895
21-22
377-378
600-601
2233-2234
1813-1861
1658-1706
1275-1276
232-280
1592-1640
2088-2136
676-677
1444-1445
1170-1171
1938-1939
1190-1238
1670-1718
108-156
127-128
876-924
2144-2145
369-370
6-7
2042-2043
392-439
84-85
428-429
564-565
1076-1077
741-789
1253-1301
411-412
1059-1060
1545-1593
1827-1828
1762-1809
1808-1855
260-261
1788-1789
191-239
361-362
931-978
398-399
499-500
407-455
1792-1793
1858-1906
1197-1198
1397-1398
1965-1966
693-741
1427-1475
436-484
455-456
899-900
1411-1412
1572-1619
1761-1808
443-491
1089-1090
500-501
524-525
1260-1261
1157-1205
666-714
483-484
601-649
1113-1161
1243-1244
1647-1648
1715-1764
1073-1121
1841-1889
1993-1994
587-635
1099-1147
403-404
2010-2011
2086-2087
1869-1870
2072-2073
83-131
373-421
851-899
2106-2154
1044-1092
553-601
28-29
484-485
1756-1757
159-207
1887-1935
1360-1408
573-621
1899-1947
288-289
2016-2017
2064-2065
536-583
1945-1946
202-250
2180-2228
423-424
840-888
2046-2047
411-459
2050-2051
716-764
2167-2168
194-242
879-927
1839-1887
349-396
352-400
451-452
1615-1616
1546-1547
1782-1783
133-134
1041-1089
1809-1857
272-320
1862-1910
393-442
1978-1979
2118-2119
1080-1081
1635-1683
2117-2165
1892-1940
1007-1008
264-312
178-226
196-197
964-965
1394-1442
1501-1502
954-1001
521-522
1328-1376
541-589
1757-1805
1227-1228
737-738
1249-1250
1584-1585
1984-1985
538-539
1510-1511
33-81
527-575
801-849
953-954
1743-1791
256-304
2069-2117
170-218
1898-1946
2024-2072
808-856
970-971
1746-1794
1096-1097
1298-1299
2082-2083
235-283
550-598
786-787
1003-1051
684-732
223-224
775-823
991-992
1287-1335
1649-1650
378-379
1798-1799
180-181
948-949
25-26
163-164
1161-1209
1929-1977
2075-2076
1265-1313
937-938
1449-1450
370-371
1805-1853
503-551
1687-1735
17-18
785-786
956-1003
738-786
1665-1713
2164-2212
207-208
745-793
975-976
362-363
1814-1815
922-969
621-669
1835-1883
705-706
1217-1218
1478-1479
1780-1781
282-330
498-546
639-687
841-842
1602-1603
2205-2253
1982-1983
2070-2118
1110-1158
652-700
599-647
1111-1159
1591-1639
346-347
806-807
717-718
1485-1486
335-383
2191-2239
249-250
2105-2106
179-227
1786-1834
2042-2090
2107-2108
726-727
1494-1495
1718-1719
548-549
735-783
338-339
301-349
686-687
327-375
2183-2231
241-242
1009-1010
2097-2098
924-971
2168-2169
1347-1395
943-944
456-504
132-133
900-901
1148-1149
1437-1438
1916-1917
233-234
126-127
589-637
894-895
2075-2123
332-380
2091-2092
673-674
1185-1186
1920-1921
2160-2161
1986-2034
309-310
1069-1070
1525-1526
1455-1503
448-496
565-613
951-998
118-119
906-907
670-718
1925-1926
2152-2153
742-790
927-928
1959-2007
2079-2080
2234-2235
696-697
1208-1209
2137-2138
740-788
1115-1116
1497-1545
1508-1556
1732-1780
93-94
1765-1766
1969-2017
137-138
905-906
432-480
2226-2227
1291-1292
832-833
977-978
1200-1201
2129-2130
102-103
410-411
654-702
269-270
1941-1942
2189-2190
491-540
122-170
424-472
2218-2219
445-446
1116-1117
1884-1885
2212-2213
200-201
680-681
94-95
402-403
862-863
300-348
416-417
1414-1415
1658-1659
2252-2253
74-122
842-890
2052-2100
777-825
1289-1337
369-417
526-527
1038-1039
1421-1469
695-696
1783-1831
66-114
429-430
513-561
1281-1329
2036-2084
1543-1544
361-409
505-553
1430-1431
1733-1734
1937-1985
1544-1545
400-448
237-285
1451-1499
490-587
1797-1845
111-112
392-440
50-98
1726-1774
1609-1610
1885-1933
1494-1542
1559-1560
587-588
983-1031
1099-1100
1207-1255
422-423
1626-1627
725-726
1121-1169
1615-1663
1560-1561
384-432
42-90
810-858
724-772
1593-1641
1874-1922
414-415
363-411
903-951
1415-1463
1296-1297
888-889
1400-1401
443-490
1701-1749
676-724
551-552
329-377
1444-1492
1668-1716
1711-1712
1880-1928
1701-1702
205-253
973-1021
1756-1804
1815-1863
913-914
1392-1393
846-894
866-914
321-369
587-634
79-80
647-648
136-137
872-873
1727-1728
807-855
1908-1909
2188-2189
2043-2091
99-147
867-915
1605-1653
68-116
1635-1636
1561-1609
490-540
536-584
1304-1352
830-878
613-614
1381-1382
1712-1760
221-269
2077-2125
524-572
1811-1812
1600-1601
1745-1746
2094-2142
789-790
207-255
975-1023
121-122
856-857
1368-1369
2080-2128
698-746
1914-1962
376-424
598-599
1590-1591
1848-1896
1374-1422
2173-2174
2066-2067
2030-2031
173-221
2086-2134
1019-1067
1314-1315
252-300
508-556
199-247
1020-1068
1724-1772
113-114
1360-1361
2055-2103
1612-1613
1809-1856
259-307
1475-1523
1509-1557
393-441
916-963
4-5
2044-2045
959-1007
1649-1697
105-106
142-143
1778-1779
243-244
151-199
622-670
181-182
1390-1438
385-433
541-588
1396-1444
1603-1604
1785-1833
2169-2217
1810-1858
581-582
1349-1350
1680-1728
43-91
1661-1709
870-918
244-245
1804-1805
1546-1594
227-228
1903-1904
1666-1713
382-430
1225-1226
322-323
395-443
1998-1999
1558-1606
2098-2099
1692-1740
1619-1620
802-850
341-342
1282-1330
1696-1744
1851-1852
1619-1714
2090-2091
2084-2085
228-229
796-797
2012-2013
1665-1712
1119-1167
2079-2127
592-640
2222-2223
829-877
1104-1152
1378-1379
1746-1747
970-1018
167-168
728-776
1096-1144
1616-1663
380-381
1666-1667
1883-1931
1654-1702
604-652
1323-1324
1143-1191
1372-1420
1911-1959
1681-1682
2039-2040
441-490
1773-1774
1135-1183
96-144
576-624
195-196
655-656
1871-1872
2186-2187
1310-1358
2053-2054
1567-1568
615-663
1575-1623
1665-1666
364-365
675-723
965-1013
347-348
1138-1186
485-486
1598-1646
1980-1981
2116-2117
560-608
334-335
2013-2061
797-845
1072-1120
1714-1715
2135-2136
1216-1217
1840-1841
1326-1374
1557-1558
1209-1210
661-709
1130-1178
852-900
1064-1112
1464-1512
348-349
674-675
2182-2230
806-854
1286-1334
572-620
1340-1388
1663-1664
689-690
1424-1425
1905-1906
122-123
1996-1997
2100-2101
1573-1621
548-596
1540-1588
2057-2105
2083-2084
1573-1574
114-115
1037-1085
1934-1935
758-806
1387-1388
1943-1991
2231-2232
752-753
1264-1265
974-1022
2049-2097
756-804
775-776
1287-1288
1401-1449
1716-1764
106-107
1046-1047
658-706
453-454
1426-1474
593-641
8-9
776-777
1256-1257
2024-2025
1277-1325
710-758
1300-1301
2036-2037
2060-2061
261-309
2181-2229
906-954
359-360
2137-2185
1432-1480
1470-1518
93-141
279-280
1495-1496
1847-1895
1939-1940
90-91
1062-1063
418-466
642-690
79-127
2099-2147
1653-1701
1082-1130
1850-1898
699-700
313-361
1467-1468
2089-2137
804-805
1316-1317
1503-1551
976-1024
82-83
45-93
482-483
542-543
942-943
71-119
720-721
1232-1233
131-179
421-469
1737-1785
200-248
421-422
514-515
731-779
1026-1027
1499-1547
683-684
23-71
1075-1076
1843-1844
1152-1153
392-441
2030-2078
53-54
1269-1270
495-543
1199-1247
192-240
1845-1893
327-328
2183-2184
1438-1486
929-976
2065-2113
1808-1856
998-1046
1191-1239
513-514
1281-1282
116-117
1932-1933
729-730
291-339
99-100
281-329
867-868
1544-1592
2149-2150
176-224
450-451
1668-1717
1564-1612
275-276
353-354
430-478
13-14
910-958
1173-1174
1824-1872
1428-1476
507-508
1705-1753
168-216
1384-1432
100-101
924-925
1405-1406
1960-1961
2120-2121
968-969
238-239
1981-2029
2027-2075
422-470
1213-1261
444-492
1260-1308
1516-1564
160-161
1376-1377
1158-1159
1914-1915
76-77
844-845
1068-1069
1836-1837
218-266
474-522
539-540
1699-1700
508-509
535-584
113-161
1599-1647
653-701
1165-1213
491-492
951-952
914-961
536-585
2158-2206
1901-1902
1712-1761
1365-1413
564-612
67-68
105-153
835-836
1039-1040
1076-1124
1807-1808
662-663
1174-1175
144-192
381-429
571-619
2150-2198
321-322
1338-1339
492-493
941-988
1562-1610
475-476
136-184
206-207
1949-1997
1181-1229
1842-1843
393-440
412-460
395-396
215-263
2135-2183
2188-2236
166-167
1882-1883
655-703
1871-1919
569-570
1081-1082
128-176
1747-1795
980-1028
586-587
1354-1355
1578-1579
476-477
1567-1615
158-159
107-155
1762-1763
1073-1074
1841-1842
1810-1859
665-666
1831-1832
73-121
1112-1160
1812-1859
553-554
1769-1770
130-131
2125-2173
539-587
886-934
898-899
1398-1446
2140-2188
1612-1660
247-248
375-423
691-692
1203-1204
624-625
1136-1137
2209-2210
936-983
65-113
559-607
1775-1823
395-442
903-904
1415-1416
1654-1655
721-769
977-1025
2001-2049
904-905
1128-1129
582-630
1983-1984
2111-2112
385-386
1350-1351
927-974
312-313
231-232
188-189
1860-1861
1791-1839
1968-2016
1730-1731
1804-1852
407-408
304-305
1710-1758
225-273
481-529
993-1041
889-890
1301-1349
1978-2026
2132-2180
441-489
120-168
2250-2251
744-792
854-855
1080-1128
1366-1367
1725-1726
1846-1847
296-297
1736-1737
2216-2217
2172-2220
620-668
895-896
1407-1408
1580-1628
592-593
1104-1105
518-519
1530-1531
172-173
852-853
1332-1333
3-51
1219-1267
2084-2132
155-156
923-924
1315-1316
1620-1667
1309-1310
1905-1953
873-874
2034-2035
1011-1012
1771-1772
2163-2164
1024-1025
1683-1731
1973-2021
180-228
199-200
643-644
2055-2056
2194-2242
1936-1984
187-235
1946-1994
2186-2234
995-996
409-457
1586-1634
1329-1377
2121-2122
1573-1620
1355-1403
342-390
1814-1862
147-148
311-359
2007-2055
1498-1499
2178-2226
1101-1102
1952-2000
595-643
117-165
885-933
1363-1411
1587-1635
1833-1881
478-526
317-318
1533-1534
610-611
1085-1133
1122-1123
2002-2003
1716-1765
32-33
1248-1249
346-394
1327-1328
2087-2088
1496-1544
1278-1279
155-203
1718-1766
1996-2044
307-308
706-754
301-302
2029-2030
864-912
1856-1904
2163-2211
963-964
1935-1936
1034-1035
1270-1271
1802-1803
1054-1102
645-646
2038-2039
1297-1345
1672-1673
16-64
831-832
1343-1344
1823-1824
1895-1943
2049-2050
1466-1467
1124-1172
751-752
1604-1652
8-56
776-824
690-738
708-709
1476-1477
343-392
1801-1802
78-79
1053-1101
1970-1971
2060-2108
1687-1688
490-585
1361-1362
2112-2113
1050-1051
1818-1819
558-606
1070-1118
1550-1598
545-593
1039-1087
1313-1361
1688-1689
1807-1855
0-48
1429-1477
635-636
1721-1769
#size map: height 47 x width 48
